[gd_scene load_steps=17 format=3 uid="uid://cg86rdki2g0gj"]

[ext_resource type="Texture2D" uid="uid://dt48n212okjo6" path="res://Materials/prototype-texture-with-size.png" id="1_y7gf2"]
[ext_resource type="PackedScene" uid="uid://dikcrsr171oyg" path="res://Prefabs/Player.tscn" id="2_t4i36"]
[ext_resource type="PackedScene" uid="uid://cy6eqkcaqivhv" path="res://Prefabs/WirePath.tscn" id="3_4hb7i"]

[sub_resource type="StandardMaterial3D" id="StandardMaterial3D_vq472"]
albedo_texture = ExtResource("1_y7gf2")
uv1_triplanar = true

[sub_resource type="StandardMaterial3D" id="StandardMaterial3D_0mjs3"]
albedo_color = Color(0.466667, 1, 0, 1)

[sub_resource type="CylinderMesh" id="CylinderMesh_sjt5t"]
top_radius = 0.3
bottom_radius = 0.3
height = 0.3

[sub_resource type="StandardMaterial3D" id="StandardMaterial3D_8wmql"]
albedo_color = Color(1, 1, 0.372549, 1)

[sub_resource type="StandardMaterial3D" id="StandardMaterial3D_6a5qv"]
albedo_color = Color(0.00784314, 1, 0.768627, 1)

[sub_resource type="BoxMesh" id="BoxMesh_irhdi"]
material = SubResource("StandardMaterial3D_6a5qv")
size = Vector3(1, 3, 3)

[sub_resource type="BoxMesh" id="BoxMesh_5urmd"]
size = Vector3(1, 1.5, 1)

[sub_resource type="BoxMesh" id="BoxMesh_xepac"]
size = Vector3(1, 2, 1.5)

[sub_resource type="CylinderMesh" id="CylinderMesh_5nvkb"]
top_radius = 0.4
bottom_radius = 0.4
height = 0.5

[sub_resource type="CylinderMesh" id="CylinderMesh_uu8ij"]
top_radius = 0.3
bottom_radius = 0.3
height = 0.5

[sub_resource type="BoxMesh" id="BoxMesh_i1hqn"]
size = Vector3(0.5, 3, 4)

[sub_resource type="StandardMaterial3D" id="StandardMaterial3D_piv46"]

[sub_resource type="Curve3D" id="Curve3D_bvt0n"]
resource_local_to_scene = true
_data = {
"points": PackedVector3Array(-1, 0, 1, 1, 0, -1, -0.4, 1, 0.1, -1.1, 2.5, 0, 1.1, -2.5, 0, 2.8, -4, 0, -4.9, -4.3, 0, 4.9, 4.3, 0, 14.8, -5, 0, -2.3, 0.2, 0, 2.3, -0.2, 0, 21.0086, 5.91501, -0.106767),
"tilts": PackedFloat32Array(0, 0, 0, 0)
}
point_count = 4

[node name="TowerFour" type="Node3D"]

[node name="DirectionalLight3D" type="DirectionalLight3D" parent="."]
transform = Transform3D(-0.337015, -0.901765, 0.270631, 0.808014, -0.129486, 0.574758, -0.483253, 0.412376, 0.772277, 0, 0, 0)
shadow_enabled = true

[node name="BuildingOne" type="CSGCombiner3D" parent="."]
transform = Transform3D(1, 0, 0, 0, 1, 0, 0, 0, 1, 4, 0, 0)
material_override = SubResource("StandardMaterial3D_vq472")
use_collision = true

[node name="T1BoundingBox" type="CSGBox3D" parent="BuildingOne"]
transform = Transform3D(1, 0, 0, 0, 1, 0, 0, 0, 1, 0, -19.35, 0)
size = Vector3(30, 40.3, 20)

[node name="WalkPanel" type="CSGBox3D" parent="BuildingOne"]
transform = Transform3D(0.706823, -0.242339, 0.664585, 0.0532476, 0.95505, 0.291624, -0.705383, -0.170739, 0.687956, 38.3534, -14.4734, 8.61431)
size = Vector3(1.4, 0.1, 4)

[node name="WalkPanel2" type="CSGBox3D" parent="BuildingOne"]
transform = Transform3D(1, 0, 0, 0, 1, 0, 0, 0, 1, 42.5118, -13.7069, 10.4661)
size = Vector3(2, 1, 1)

[node name="WalkPanel3" type="CSGBox3D" parent="BuildingOne"]
transform = Transform3D(-4.37114e-08, -1, 0, 1, -4.37114e-08, 0, 0, 0, 1, 45.9118, -14.5069, 10.4661)
size = Vector3(2, 1, 1)

[node name="WalkPanel4" type="CSGBox3D" parent="BuildingOne"]
transform = Transform3D(-4.37114e-08, -1, 0, 1, -4.37114e-08, 0, 0, 0, 1, 49.0118, -14.5069, 10.4661)
size = Vector3(2, 1, 1)

[node name="Walkway" type="CSGBox3D" parent="BuildingOne"]
transform = Transform3D(1, 0, 0, 0, 1, 0, 0, 0, 1, 26.5, -14.5, 4.267)
size = Vector3(23.2, 0.1, 4)

[node name="Walkway10" type="CSGBox3D" parent="BuildingOne/Walkway"]
transform = Transform3D(1, 0, 0, 0, 1, 0, 0, 0, 1, 10, 6, -0.3)
size = Vector3(3, 0.1, 4)

[node name="Walkway2" type="CSGBox3D" parent="BuildingOne/Walkway"]
transform = Transform3D(1, 0, 0, 0, 1, 0, 0, 0, 1, 0, 0, -2.2)
size = Vector3(23.2, 0.5, 0.5)

[node name="Walkway3" type="CSGBox3D" parent="BuildingOne/Walkway"]
transform = Transform3D(1, 0, 0, 0, 1, 0, 0, 0, 1, 0, 0, 1.8)
size = Vector3(23.2, 0.5, 0.5)

[node name="Walkway4" type="CSGBox3D" parent="BuildingOne/Walkway"]
transform = Transform3D(0.866025, -0.5, 0, 0.5, 0.866025, 0, 0, 0, 1, -8.10141, -2.36795, 0.8)
size = Vector3(8.4, 0.5, 0.5)

[node name="Walkway6" type="CSGBox3D" parent="BuildingOne/Walkway"]
transform = Transform3D(0.866025, -0.5, 0, 0.5, 0.866025, 0, 0, 0, 1, -8.10141, -2.36795, -1.2)
size = Vector3(8.4, 0.5, 0.5)

[node name="Walkway8" type="CSGBox3D" parent="BuildingOne/Walkway"]
transform = Transform3D(1, 0, 0, 0, 1, 0, 0, 0, 1, 0.0985928, -0.36795, -1.2)
size = Vector3(24, 0.5, 0.5)

[node name="Walkway9" type="CSGBox3D" parent="BuildingOne/Walkway"]
transform = Transform3D(1, 0, 0, 0, 1, 0, 0, 0, 1, 0.0985928, -0.36795, 0.8)
size = Vector3(24, 0.5, 0.5)

[node name="Walkway5" type="CSGBox3D" parent="BuildingOne/Walkway"]
transform = Transform3D(0.866025, 0.5, 0, -0.5, 0.866025, 0, 0, 0, 1, 7.89859, -2.36795, 0.8)
size = Vector3(8.4, 0.5, 0.5)

[node name="Walkway7" type="CSGBox3D" parent="BuildingOne/Walkway"]
transform = Transform3D(0.866025, 0.5, 0, -0.5, 0.866025, 0, 0, 0, 1, 7.89859, -2.36795, -1.2)
size = Vector3(8.4, 0.5, 0.5)

[node name="Hallway" type="CSGBox3D" parent="BuildingOne"]
transform = Transform3D(1, 0, 0, 0, 1, 0, 0, 0, 1, 0, -1, 4)
operation = 2
size = Vector3(28, 3, 4)

[node name="Hallway5" type="CSGBox3D" parent="BuildingOne"]
transform = Transform3D(1, 0, 0, 0, 1, 0, 0, 0, 1, 0, -7, 4)
operation = 2
size = Vector3(28, 3, 4)

[node name="Hallway6" type="CSGBox3D" parent="BuildingOne"]
transform = Transform3D(1, 0, 0, 0, 1, 0, 0, 0, 1, 5.75, -13, 4)
operation = 2
size = Vector3(22.5, 3, 4)

[node name="Hallway7" type="CSGBox3D" parent="BuildingOne"]
transform = Transform3D(-4.37114e-08, 0, 1, 0, 1, 0, -1, 0, -4.37114e-08, 3, -13, 1)
operation = 2
size = Vector3(21, 3, 4)

[node name="Hallway11" type="CSGBox3D" parent="BuildingOne"]
transform = Transform3D(-4.37114e-08, 0, 1, 0, 1, 0, -1, 0, -4.37114e-08, -12.75, -13, -2.3)
operation = 2
size = Vector3(14.4, 3, 3.5)

[node name="Hallway12" type="CSGBox3D" parent="BuildingOne"]
transform = Transform3D(-4.37114e-08, 0, 1, 0, 1, 0, -1, 0, -4.37114e-08, -13.75, -13, -5.5)
operation = 2
size = Vector3(10, 3, 3.5)

[node name="Hallway14" type="CSGBox3D" parent="BuildingOne"]
transform = Transform3D(-4.37114e-08, 0, 1, 0, 1, 0, -1, 0, -4.37114e-08, -12.25, -13, -5)
operation = 2
size = Vector3(9, 3, 2.5)

[node name="Hallway15" type="CSGBox3D" parent="BuildingOne"]
transform = Transform3D(-4.30473e-08, -7.5904e-09, 1, -0.173648, 0.984808, 0, -0.984808, -0.173648, -4.37114e-08, -12.5, -12.6786, -1.54124)
operation = 2
size = Vector3(4, 2.3, 5)

[node name="Hallway16" type="CSGBox3D" parent="BuildingOne"]
transform = Transform3D(-4.37114e-08, -2.70617e-16, 1, 0, 1, 0, -1, 0, -4.37114e-08, -11.05, -13.2786, -6.64124)
operation = 2
size = Vector3(4, 2.5, 2.1)

[node name="Hallway17" type="CSGBox3D" parent="BuildingOne"]
transform = Transform3D(-4.37114e-08, -2.70617e-16, 1, 0, 1, 0, -1, 0, -4.37114e-08, -11.05, -13.0286, -3.24124)
operation = 2
size = Vector3(2, 2, 2.1)

[node name="Hallway13" type="CSGBox3D" parent="BuildingOne"]
transform = Transform3D(-4.37114e-08, 0, 1, 0, 1, 0, -1, 0, -4.37114e-08, -8.2, -13, -1.8)
operation = 2
size = Vector3(15.4, 3, 4.6)

[node name="Hallway9" type="CSGBox3D" parent="BuildingOne"]
transform = Transform3D(-4.37114e-08, 0, 1, 0, 1, 0, -1, 0, -4.37114e-08, 8.8, -12.5, -7.5)
operation = 2
size = Vector3(6, 2, 4.2)

[node name="Hallway19" type="CSGBox3D" parent="BuildingOne"]
transform = Transform3D(0.707107, 0.183013, 0.683013, 0, 0.965926, -0.258819, -0.707107, 0.183013, 0.683013, 10.2142, -13, -8.91421)
operation = 2
size = Vector3(6, 3, 4.2)

[node name="Hallway18" type="CSGBox3D" parent="BuildingOne"]
transform = Transform3D(-4.37114e-08, 0, 1, 0, 1, 0, -1, 0, -4.37114e-08, 8.15, -13, -4.5)
operation = 2
size = Vector3(6, 3, 5.5)

[node name="Hallway8" type="CSGBox3D" parent="BuildingOne"]
transform = Transform3D(-4.37114e-08, 0, 1, 0, 1, 0, -1, 0, -4.37114e-08, -0.5, -7, 8)
operation = 2
size = Vector3(7, 3, 7)

[node name="Hallway10" type="CSGBox3D" parent="BuildingOne"]
transform = Transform3D(-0.25, 0.0669873, 0.965926, 0.258819, 0.965926, 1.13133e-08, -0.933013, 0.25, -0.258819, -1.5, -8, 11)
operation = 2
size = Vector3(7, 3, 5)

[node name="Bridge" type="CSGBox3D" parent="BuildingOne"]
transform = Transform3D(0.00759608, 0.0255667, 0.999644, 0.0868241, 0.995881, -0.0261303, -0.996195, 0.0869917, 0.00534498, -2.6, -9.3, 12.8)
size = Vector3(7, 0.1, 2)

[node name="Bridge3" type="CSGCylinder3D" parent="BuildingOne"]
transform = Transform3D(-4.37114e-08, 0, 1, 0, 1, 0, -1, 0, -4.37114e-08, -2.6, -9.7, 17.8)
radius = 2.0
height = 0.1

[node name="Bridge5" type="CSGCylinder3D" parent="BuildingOne"]
transform = Transform3D(-4.37114e-08, 0, 1, 0, 1, 0, -1, 0, -4.37114e-08, -2.6, -24.7, 17.8)
height = 30.0
sides = 36

[node name="Bridge7" type="CSGCylinder3D" parent="BuildingOne"]
transform = Transform3D(-4.37114e-08, 0, 1, 0, 1, 0, -1, 0, -4.37114e-08, 2.4, -16.7, 16.8)
radius = 2.0
height = 0.1

[node name="Bridge8" type="CSGCylinder3D" parent="BuildingOne"]
transform = Transform3D(-4.37114e-08, 0, 1, 0, 1, 0, -1, 0, -4.37114e-08, 2.4, -24.7, 16.8)
height = 26.0
sides = 36

[node name="Bridge2" type="CSGBox3D" parent="BuildingOne"]
transform = Transform3D(0.0581953, -0.000330389, 0.998305, 0.0866961, 0.996224, -0.00472416, -0.994534, 0.0868241, 0.0580041, -3.19898, -9.89717, 22.7652)
size = Vector3(7, 0.1, 2)

[node name="Bridge4" type="CSGBox3D" parent="BuildingOne"]
transform = Transform3D(0.0575641, 0, 0.998342, 0, 1, 0, -0.998342, 0, 0.0575641, -3.73077, -11.8202, 31.7649)
size = Vector3(6, 0.1, 2)

[node name="Bridge10" type="CSGBox3D" parent="BuildingOne"]
transform = Transform3D(1, 0, 0, 0, 1, 0, 0, 0, 1, -8.46769, -15.0202, -11.0555)
size = Vector3(11, 0.1, 2)

[node name="Bridge11" type="CSGBox3D" parent="BuildingOne"]
transform = Transform3D(1, 0, 0, 0, 1, 0, 0, 0, 1, 7.53231, -15.0202, -11.0555)
size = Vector3(13, 0.1, 2)

[node name="Bridge6" type="CSGBox3D" parent="BuildingOne"]
transform = Transform3D(0.0575641, 0, 0.998342, 0, 1, 0, -0.998342, 0, 0.0575641, 2.42255, -16.5, 20.6008)
size = Vector3(6, 0.1, 2)

[node name="Bridge9" type="CSGBox3D" parent="BuildingOne"]
transform = Transform3D(-0.0286553, 0.00767817, 0.99956, 0.258819, 0.965926, 4.65661e-10, -0.965501, 0.258705, -0.0296662, 2.76616, -15.8557, 12.7805)
size = Vector3(6, 0.1, 2)

[node name="Hallway2" type="CSGBox3D" parent="BuildingOne"]
transform = Transform3D(1, 0, 0, 0, 1, 0, 0, 0, 1, 0, -1, -4.5)
operation = 2
size = Vector3(4, 3, 13)

[node name="Hallway20" type="CSGBox3D" parent="BuildingOne"]
transform = Transform3D(0.353553, 0.612372, 0.707107, -0.866025, 0.5, 0, -0.353553, -0.612372, 0.707107, 0.091856, 1.075, -9.59186)
operation = 2
size = Vector3(4, 2.7, 5)

[node name="Hallway21" type="CSGBox3D" parent="BuildingOne"]
transform = Transform3D(1, 0, 0, 0, 1, 0, 0, 0, 1, 4.59186, 2.075, -8.39186)
size = Vector3(2, 2.7, 2)

[node name="Hallway3" type="CSGBox3D" parent="BuildingOne"]
transform = Transform3D(0.707107, 0, -0.707107, 0, 1, 0, 0.707107, 0, 0.707107, -2.12132, -1, 1.70711)
operation = 2
size = Vector3(2, 3, 4)

[node name="Hallway4" type="CSGBox3D" parent="BuildingOne"]
transform = Transform3D(0.707107, 0, 0.707107, 0, 1, 0, -0.707107, 0, 0.707107, 2.07868, -1, 1.70711)
operation = 2
size = Vector3(2, 3, 4)

[node name="Room" type="CSGBox3D" parent="BuildingOne"]
transform = Transform3D(-5.96046e-08, 0, 1, 0, 1, 0, -1, 0, -5.96046e-08, 11.9787, -1, -3.99289)
operation = 2
size = Vector3(11.4, 3, 5)

[node name="Room2" type="CSGBox3D" parent="BuildingOne"]
transform = Transform3D(1, 0, 1.58933e-08, 0, 1, 0, -1.58933e-08, 0, 1, 7.47868, -1, -1.84289)
operation = 2
size = Vector3(6, 3, 7.1)

[node name="Room3" type="CSGBox3D" parent="BuildingOne"]
transform = Transform3D(1, 0, 1.58933e-08, 0, 1, 0, -1.58933e-08, 0, 1, -9.2713, -4, -2.24289)
operation = 2
size = Vector3(8.5, 9, 7.5)

[node name="Door5" type="CSGBox3D" parent="BuildingOne"]
transform = Transform3D(1, 0, 1.58933e-08, 0, 1, 0, -1.58933e-08, 0, 1, -12.0213, -1.25, 1.95711)
operation = 2
size = Vector3(3, 2.5, 1)

[node name="Door6" type="CSGBox3D" parent="BuildingOne"]
transform = Transform3D(1, 0, 1.58933e-08, 0, 1, 0, -1.58933e-08, 0, 1, -8.5213, -7.25, 1.95711)
operation = 2
size = Vector3(7, 2.5, 1)

[node name="Staircase" type="CSGBox3D" parent="BuildingOne"]
transform = Transform3D(1, 0, 1.58933e-08, 0, 1, 0, -1.58933e-08, 0, 1, -12.021, -2.75, 0.5)
size = Vector3(3, 0.5, 2)

[node name="Staircase3" type="CSGBox3D" parent="BuildingOne"]
transform = Transform3D(1, 0, 1.58933e-08, 0, 1, 0, -1.58933e-08, 0, 1, -12.021, -4.5, -4.5)
size = Vector3(3, 0.5, 3)

[node name="Staircase4" type="CSGBox3D" parent="BuildingOne"]
transform = Transform3D(1, 0, 1.58933e-08, 0, 1, 0, -1.58933e-08, 0, 1, -6.521, -6.2, -4.5)
size = Vector3(3, 0.5, 3)

[node name="Staircase2" type="CSGBox3D" parent="BuildingOne"]
transform = Transform3D(1, 0, 0, 0, 0.819152, 0.573576, 0, -0.573576, 0.819152, -12.021, -3.58311, -1.62532)
size = Vector3(3, 0.5, 3)

[node name="Staircase5" type="CSGBox3D" parent="BuildingOne"]
transform = Transform3D(-4.37114e-08, 0.573576, -0.819152, 0, 0.819152, 0.573576, 1, 2.50718e-08, -3.58063e-08, -9.421, -5.3, -4.5)
size = Vector3(3, 0.5, 3)

[node name="Staircase6" type="CSGBox3D" parent="BuildingOne"]
transform = Transform3D(-1, -5.01436e-08, 7.16125e-08, 0, 0.819152, 0.573576, -8.74228e-08, 0.573576, -0.819152, -6.521, -7.48754, -1.20372)
size = Vector3(3, 0.5, 4.7)

[node name="Door" type="CSGBox3D" parent="BuildingOne"]
transform = Transform3D(1, 0, 1.58933e-08, 0, 1, 0, -1.58933e-08, 0, 1, 11.9787, -1.35, 2.00711)
operation = 2
size = Vector3(1.5, 2.3, 1)

[node name="Door7" type="CSGBox3D" parent="BuildingOne"]
transform = Transform3D(-2.78181e-08, 0, -1, 0, 1, 0, 1, 0, -2.78181e-08, -5.7213, -13.35, 4.00711)
operation = 2
size = Vector3(1.5, 2.3, 1)

[node name="Door8" type="CSGBox3D" parent="BuildingOne"]
transform = Transform3D(-2.78181e-08, 0, -1, 0, 1, 0, 1, 0, -2.78181e-08, -10.5213, -13.35, 2.90711)
operation = 2
size = Vector3(1.5, 2.3, 1.2)

[node name="Door2" type="CSGBox3D" parent="BuildingOne"]
transform = Transform3D(-5.96046e-08, 0, 1, 0, 1, 0, -1, 0, -5.96046e-08, 14.9787, -0.75, 0.00710678)
operation = 2
size = Vector3(2, 1.5, 1)

[node name="Door3" type="CSGBox3D" parent="BuildingOne"]
transform = Transform3D(-5.96046e-08, 0, 1, 0, 1, 0, -1, 0, -5.96046e-08, 14.9787, -0.75, -2.49289)
operation = 2
size = Vector3(2, 1.5, 1)

[node name="Door4" type="CSGBox3D" parent="BuildingOne"]
transform = Transform3D(-5.96046e-08, 0, 1, 0, 1, 0, -1, 0, -5.96046e-08, 14.9787, -0.75, -4.99289)
operation = 2
size = Vector3(2, 1.5, 1)

[node name="BuildingTwo" type="CSGCombiner3D" parent="."]
transform = Transform3D(1, 0, 0, 0, 1, 0, 0, 0, 1, 13, 5, 32)
material_override = SubResource("StandardMaterial3D_vq472")
use_collision = true

[node name="T1BoundingBox" type="CSGBox3D" parent="BuildingTwo"]
transform = Transform3D(1, 0, 0, 0, 1, 0, 0, 0, 1, 0, -30.5, 0)
size = Vector3(30, 18, 20)

[node name="CSGBox3D" type="CSGBox3D" parent="BuildingTwo/T1BoundingBox"]
transform = Transform3D(1, 0, 0, 0, 1, 0, 0, 0, 1, -10.5, 13.3, 4.5)
size = Vector3(7, 0.5, 10)

[node name="CSGBox3D2" type="CSGBox3D" parent="BuildingTwo/T1BoundingBox"]
transform = Transform3D(1, 0, 0, 0, 1, 0, 0, 0, 1, -10.5, 17.3, 4.5)
size = Vector3(7, 0.5, 10)

[node name="CSGBox3D4" type="CSGBox3D" parent="BuildingTwo/T1BoundingBox"]
transform = Transform3D(0.866025, 0, 0.5, 0, 1, 0, -0.5, 0, 0.866025, -7.79904, 17.3, 2.25)
operation = 2
size = Vector3(6, 0.5, 10)

[node name="CSGBox3D3" type="CSGBox3D" parent="BuildingTwo/T1BoundingBox"]
transform = Transform3D(-4.37114e-08, 0, -1, 0, 1, 0, 1, 0, -4.37114e-08, -2.25, 13.3, 7.5)
size = Vector3(3, 0.5, 9.5)

[node name="CSGBox3D5" type="CSGBox3D" parent="BuildingTwo/T1BoundingBox"]
transform = Transform3D(0.5, 0, 0.866025, 0, 1, 0, -0.866025, 0, 0.5, -7.79904, 13.3, 1.25)
operation = 2
size = Vector3(4, 0.5, 14)

[node name="CSGBox3D6" type="CSGBox3D" parent="BuildingTwo/T1BoundingBox"]
transform = Transform3D(0.707107, 0, 0.707107, 0, 1, 0, -0.707107, 0, 0.707107, 1.53109, 13.2, 5.75)
operation = 2
size = Vector3(4, 0.7, 4)

[node name="CSGBox3D7" type="CSGBox3D" parent="BuildingTwo/T1BoundingBox"]
transform = Transform3D(1, 0, 0, 0, 1, 0, 0, 0, 1, 1.6, 14.3, 2.5)
size = Vector3(2, 12, 2)

[node name="CSGBox3D8" type="CSGBox3D" parent="BuildingTwo/T1BoundingBox"]
transform = Transform3D(1, 0, 0, 0, -4.37114e-08, -1, 0, 1, -4.37114e-08, 1.6, 17.3, 3.2)
size = Vector3(1, 15, 0.5)

[node name="CSGBox3D9" type="CSGBox3D" parent="BuildingTwo/T1BoundingBox"]
transform = Transform3D(1, 0, 0, 0, -0.34202, -0.939693, 0, 0.939693, -0.34202, 1.7, 17.0651, -2.8855)
operation = 2
size = Vector3(2, 3, 1)

[node name="CSGBox3D10" type="CSGBox3D" parent="BuildingTwo/T1BoundingBox"]
transform = Transform3D(0.999955, 0.00940123, -0.000881671, 0.00923702, -0.954564, 0.297861, 0.00195868, -0.297856, -0.954609, 1.7, 17.0651, -2.8855)
operation = 2
size = Vector3(2, 3, 1)

[node name="CSGBox3D11" type="CSGBox3D" parent="BuildingTwo/T1BoundingBox"]
transform = Transform3D(0.999955, 0.00940123, -0.000881671, 0.00923702, -0.954564, 0.297861, 0.00195868, -0.297856, -0.954609, 1.20002, 19.4605, 1.31351)
operation = 2
size = Vector3(3, 3, 1)

[node name="CSGBox3D12" type="CSGBox3D" parent="BuildingTwo/T1BoundingBox"]
transform = Transform3D(0.260699, -0.285274, -0.922309, 0.00923702, -0.954564, 0.297861, -0.965376, -0.0861717, -0.246219, 0.310957, 18.1775, 2.06115)
operation = 2
size = Vector3(3, 6, 2)

[node name="Wall" type="CSGBox3D" parent="BuildingTwo"]
transform = Transform3D(1, 0, 0, 0, 1, 0, 0, 0, 1, -14.5, -15, -0.5)
size = Vector3(1, 13, 19)

[node name="Wall3" type="CSGBox3D" parent="BuildingTwo"]
transform = Transform3D(1, 0, 0, 0, 1, 0, 0, 0, 1, 14.5, -15, -0.5)
size = Vector3(1, 13, 19)

[node name="Wall2" type="CSGBox3D" parent="BuildingTwo"]
transform = Transform3D(-4.37114e-08, 0, 1, 0, 1, 0, -1, 0, -4.37114e-08, 0, -15, 9.5)
size = Vector3(1, 13, 30)

[node name="Cutout" type="CSGBox3D" parent="BuildingTwo"]
transform = Transform3D(1, 0, 0, 0, 0.866025, 0.5, 0, -0.5, 0.866025, 14, -13.866, -8.73205)
operation = 2
size = Vector3(4, 11, 11)

[node name="Cutout2" type="CSGBox3D" parent="BuildingTwo"]
transform = Transform3D(1, 0, 0, 0, 1, 0, 0, 0, 1, 14, -11.8651, -3.65)
operation = 2
size = Vector3(4, 8, 6)

[node name="Cutout3" type="CSGBox3D" parent="BuildingTwo"]
transform = Transform3D(1, 0, 0, 0, 0.258819, -0.965926, 0, 0.965926, 0.258819, 14, -8.97157, 3.74312)
operation = 2
size = Vector3(4, 16, 8)

[node name="Cutout4" type="CSGBox3D" parent="BuildingTwo"]
transform = Transform3D(1, 0, 0, 0, -0.258819, -0.965926, 0, 0.965926, -0.258819, -14, -8.91151, 2.80356)
operation = 2
size = Vector3(4, 9, 6)

[node name="Cutout5" type="CSGBox3D" parent="BuildingTwo"]
transform = Transform3D(1, 0, 0, 0, 0.5, -0.866025, 0, 0.866025, 0.5, -14, -9.2285, -5.74548)
operation = 2
size = Vector3(4, 12, 7)

[node name="Cutout6" type="CSGBox3D" parent="BuildingTwo"]
transform = Transform3D(-3.9616e-08, -0.984808, -0.173648, 1.84732e-08, 0.173648, -0.984808, 1, -4.2222e-08, 1.13133e-08, 8.55111, -8.79974, 9.80356)
operation = 2
size = Vector3(4, 10, 3)

[node name="Cutout7" type="CSGBox3D" parent="BuildingTwo"]
transform = Transform3D(-0.0359727, -0.97592, -0.215141, 0.0826121, 0.211639, -0.97385, 0.995932, -0.0528053, 0.0730096, -2.19749, -6.60662, 9.44427)
operation = 2
size = Vector3(4, 16, 6)

[node name="BuildingThree" type="CSGCombiner3D" parent="."]
transform = Transform3D(1, 0, 0, 0, 1, 0, 0, 0, 1, 57, 0, 0)
material_override = SubResource("StandardMaterial3D_vq472")
use_collision = true

[node name="T1BoundingBox" type="CSGBox3D" parent="BuildingThree"]
transform = Transform3D(1, 0, 0, 0, 1, 0, 0, 0, 1, 0, -18.75, 0)
size = Vector3(30, 41.5, 20)

[node name="Hallway9" type="CSGBox3D" parent="BuildingThree"]
transform = Transform3D(1, 0, 0, 0, 1, 0, 0, 0, 1, -1, -7, 4)
operation = 2
size = Vector3(30, 3, 4)

[node name="Hallway11" type="CSGBox3D" parent="BuildingThree"]
transform = Transform3D(1, 0, 0, 0, 1, 0, 0, 0, 1, 0, -1, 4)
operation = 2
size = Vector3(28, 3, 4)

[node name="MainHall" type="CSGBox3D" parent="BuildingThree"]
transform = Transform3D(1, 0, 0, 0, 1, 0, 0, 0, 1, 5, -4, -3.9)
operation = 2
size = Vector3(18, 9, 11)

[node name="MainHall2" type="CSGBox3D" parent="BuildingThree"]
transform = Transform3D(1, 0, 0, 0, 1, 0, 0, 0, 1, 5.29145, -2.31564, -9.7)
operation = 2
size = Vector3(2, 10, 1)

[node name="MainHall6" type="CSGBox3D" parent="BuildingThree"]
transform = Transform3D(1, 0, 0, 0, 1, 0, 0, 0, 1, 2.79145, -2.81564, -9.7)
operation = 2
size = Vector3(2, 9, 1)

[node name="MainHall7" type="CSGBox3D" parent="BuildingThree"]
transform = Transform3D(0.965926, 0.258819, 0, -0.258819, 0.965926, 0, 0, 0, 1, 1.74788, -2.3466, -9.7)
operation = 2
size = Vector3(4, 8.6, 1)

[node name="MainHall5" type="CSGBox3D" parent="BuildingThree"]
transform = Transform3D(0.984808, 0.173648, 0, -0.173648, 0.984808, 0, 0, 0, 1, 0.947182, -0.899568, -9.7)
operation = 2
size = Vector3(5, 9.4, 1)

[node name="MainHall3" type="CSGBox3D" parent="BuildingThree"]
transform = Transform3D(0.984808, -0.173648, 0, 0.173648, 0.984808, 0, 0, 0, 1, 7.94255, -3.56112, -9.6)
operation = 2
size = Vector3(6.3, 5.5, 1)

[node name="MainHall4" type="CSGBox3D" parent="BuildingThree"]
transform = Transform3D(0.984808, 0.173648, 0, -0.173648, 0.984808, 0, 0, 0, 1, 7.60453, -2.03082, -9.6)
operation = 2
size = Vector3(5, 4.6, 1)

[node name="Hallway10" type="CSGBox3D" parent="BuildingThree"]
transform = Transform3D(1, 0, 0, 0, 1, 0, 0, 0, 1, -14.5, -13, 4)
operation = 2
size = Vector3(1, 3, 4)

[node name="Cutout" type="CSGBox3D" parent="BuildingThree"]
transform = Transform3D(0.707107, -0.183013, 0.683013, 0, 0.965926, 0.258819, -0.707107, -0.183013, 0.683013, -14.4147, -12.791, 9.58525)
operation = 2
size = Vector3(3, 3, 5)

[node name="Cutout2" type="CSGBox3D" parent="BuildingThree"]
transform = Transform3D(0.506236, 0.183013, 0.842752, 0.0669873, 0.965926, -0.25, -0.859789, 0.183013, 0.476727, -13.4321, -7.28699, 9.40908)
operation = 2
size = Vector3(4, 3, 7)

[node name="Cutout3" type="CSGBox3D" parent="BuildingThree"]
transform = Transform3D(0.00771144, 0.218655, 0.975772, 0.0537534, 0.974299, -0.21875, -0.998524, 0.054138, -0.00424014, -8.3049, -8.74204, 10.0458)
operation = 2
size = Vector3(3, 3.5, 4)

[node name="Cutout4" type="CSGBox3D" parent="BuildingThree"]
transform = Transform3D(0.506137, 0.267232, 0.820008, 0.0234311, 0.946174, -0.32281, -0.862135, 0.1826, 0.472632, -3.84891, -10.2575, 9.4894)
operation = 2
size = Vector3(4, 4.1, 6)

[node name="Door10" type="CSGBox3D" parent="BuildingThree"]
transform = Transform3D(1, 0, 1.58933e-08, 0, 1, 0, -1.58933e-08, 0, 1, -10.0213, -1.35, 1.70711)
operation = 2
size = Vector3(1.5, 2.3, 1)

[node name="Door18" type="CSGBox3D" parent="BuildingThree"]
transform = Transform3D(1, 0, 1.58933e-08, 0, 1, 0, -1.58933e-08, 0, 1, -12.0213, -1.35, 6.30711)
operation = 2
size = Vector3(1.5, 2.3, 1)

[node name="Door11" type="CSGBox3D" parent="BuildingThree"]
transform = Transform3D(1, 0, 1.58933e-08, 0, 1, 0, -1.58933e-08, 0, 1, -12.0213, -1.25, -4.69289)
operation = 2
size = Vector3(4, 2.5, 1)

[node name="Door13" type="CSGBox3D" parent="BuildingThree"]
transform = Transform3D(1, 0, 1.58933e-08, 0, 1, 0, -1.58933e-08, 0, 1, 5, -7.25, 1.707)
operation = 2
size = Vector3(6, 2.5, 1)

[node name="Floor" type="CSGBox3D" parent="BuildingThree"]
transform = Transform3D(1, 0, 1.58933e-08, 0, 1, 0, -1.58933e-08, 0, 1, 5, -2.75, 0.107)
size = Vector3(18, 0.5, 3)

[node name="Floor2" type="CSGBox3D" parent="BuildingThree"]
transform = Transform3D(1, 0, 1.58933e-08, 0, 1, 0, -1.58933e-08, 0, 1, -2.5, -6, -7.9)
size = Vector3(3, 0.5, 3)

[node name="Rockpile2" type="CSGBox3D" parent="BuildingThree"]
transform = Transform3D(0.707107, 0, 0.707107, 0, 1, 0, -0.707107, 0, 0.707107, 1.43535, -8.5, -7.93536)
size = Vector3(2.1, 0.5, 2)

[node name="Floor8" type="CSGBox3D" parent="BuildingThree/Rockpile2"]
transform = Transform3D(0.866025, 0, -0.5, 0, 1, 0, 0.5, 0, 0.866025, 0.353554, 0.5, -0.353554)
size = Vector3(1.2, 0.5, 1)

[node name="Rockpile" type="CSGBox3D" parent="BuildingThree"]
transform = Transform3D(-0.0871557, 0, 0.996195, 0, 1, 0, -0.996195, 0, -0.0871557, 8.67677, -8.5, -7.79393)
size = Vector3(2.1, 0.5, 2.4)

[node name="Floor10" type="CSGBox3D" parent="BuildingThree/Rockpile"]
transform = Transform3D(0.173648, 0, -0.984808, 0, 1, 0, 0.984808, 0, 0.173648, 0.668738, 0.5, -0.284218)
size = Vector3(1.2, 0.5, 1)

[node name="Floor11" type="CSGBox3D" parent="BuildingThree/Rockpile"]
transform = Transform3D(0.173648, 0, -0.984808, 0, 1, 0, 0.984808, 0, 0.173648, 0.668738, 0.8, -0.284218)
size = Vector3(0.4, 0.2, 0.5)

[node name="Floor4" type="CSGBox3D" parent="BuildingThree"]
transform = Transform3D(1, 0, 0, 0, 0.819152, 0.573576, 0, -0.573576, 0.819152, -2.5, -5.1, -5.1)
size = Vector3(3, 0.5, 3)

[node name="Floor5" type="CSGBox3D" parent="BuildingThree"]
transform = Transform3D(1, 0, 0, 0, 0.819152, 0.573576, 0, -0.573576, 0.819152, -2.5, -3.19248, -1.93297)
size = Vector3(3, 0.5, 1.6)

[node name="Floor6" type="CSGBox3D" parent="BuildingThree"]
transform = Transform3D(1, 0, 0, 0, 0.819152, 0.573576, 0, -0.573576, 0.819152, 12.5, -2.93437, -1.56435)
size = Vector3(3, 0.5, 0.7)

[node name="Floor3" type="CSGBox3D" parent="BuildingThree"]
transform = Transform3D(1, 0, 1.58933e-08, 0, 1, 0, -1.58933e-08, 0, 1, 12.5, -6, -7.9)
size = Vector3(3, 0.5, 3)

[node name="Door14" type="CSGBox3D" parent="BuildingThree"]
transform = Transform3D(1, 0, 1.58933e-08, 0, 1, 0, -1.58933e-08, 0, 1, 5, -1.25, 1.707)
operation = 2
size = Vector3(6, 2.5, 1)

[node name="Door15" type="CSGBox3D" parent="BuildingThree"]
transform = Transform3D(0.939693, 0, 0.34202, 0, 1, 0, -0.34202, 0, 0.939693, 9.63358, -2.7, -1.8697)
operation = 2
size = Vector3(5.4, 1.4, 1.6)

[node name="Door16" type="CSGBox3D" parent="BuildingThree"]
transform = Transform3D(-0.766044, 0, 0.642788, 0, 1, 0, -0.642788, 0, -0.766044, 9.55283, -2.7, -1.09835)
operation = 2
size = Vector3(3, 1.4, 1.6)

[node name="Door17" type="CSGBox3D" parent="BuildingThree"]
transform = Transform3D(0.766044, 0, -0.642788, 0, 1, 0, 0.642788, 0, 0.766044, 5.43467, -2.7, -1.85956)
operation = 2
size = Vector3(2.3, 1.4, 3)

[node name="Frog" type="MeshInstance3D" parent="BuildingThree"]
transform = Transform3D(-5.96047e-08, 0, 1, 0, 1, 0, -1, 0, -5.96047e-08, -6.1213, -2.35, -5.69289)
material_override = SubResource("StandardMaterial3D_0mjs3")
mesh = SubResource("CylinderMesh_sjt5t")
skeleton = NodePath("../Door12")

[node name="Door12" type="CSGBox3D" parent="BuildingThree"]
transform = Transform3D(-5.96047e-08, 0, 1, 0, 1, 0, -1, 0, -5.96047e-08, -8.7213, -1.35, -8.29289)
operation = 2
size = Vector3(1.5, 2.3, 1)

[node name="Room" type="CSGBox3D" parent="BuildingThree"]
transform = Transform3D(1, 0, 1.58933e-08, 0, 1, 0, -1.58933e-08, 0, 1, -10.471, -1, -1.493)
operation = 2
size = Vector3(8, 3, 6)

[node name="Room4" type="CSGBox3D" parent="BuildingThree"]
transform = Transform3D(1, 0, 1.58933e-08, 0, 1, 0, -1.58933e-08, 0, 1, -10.471, -1, 8.307)
operation = 2
size = Vector3(8, 3, 3.4)

[node name="Room5" type="CSGBox3D" parent="BuildingThree"]
transform = Transform3D(1, 0, 1.58933e-08, 5.43583e-09, 0.939693, -0.34202, -1.49348e-08, 0.34202, 0.939693, -12.971, 0.335784, 9.72188)
operation = 2
size = Vector3(4.6, 3.9, 3)

[node name="LadderCutout" type="CSGBox3D" parent="BuildingThree"]
transform = Transform3D(1, 0, 1.58933e-08, 0, 1, 0, -1.58933e-08, 0, 1, -7.471, 0.15, 8.307)
operation = 2
size = Vector3(2, 5.3, 3)

[node name="Room2" type="CSGBox3D" parent="BuildingThree"]
transform = Transform3D(1, 0, 1.58933e-08, 0, 1, 0, -1.58933e-08, 0, 1, -11.721, -1, -7.243)
operation = 2
size = Vector3(5.5, 3, 4.5)

[node name="Room3" type="CSGBox3D" parent="BuildingThree"]
transform = Transform3D(1, 0, 1.58933e-08, 0, 1, 0, -1.58933e-08, 0, 1, -6.85, -1, -7.243)
operation = 2
size = Vector3(3.2, 3, 4.5)

[node name="Door19" type="CSGBox3D" parent="BuildingThree"]
transform = Transform3D(-5.96046e-08, 0, 1, 0, 1, 0, -1, 0, -5.96046e-08, -14.8213, -0.75, -1.49289)
operation = 2
size = Vector3(2, 1.5, 1)

[node name="Door20" type="CSGBox3D" parent="BuildingThree"]
transform = Transform3D(-5.96046e-08, 0, 1, 0, 1, 0, -1, 0, -5.96046e-08, -14.8213, -0.75, -7.29289)
operation = 2
size = Vector3(2, 1.5, 1)

[node name="Tuner" type="MeshInstance3D" parent="."]
transform = Transform3D(1, 0, 0, 0, 0.4, 0, 0, 0, 0.4, 20, -16, 25)
material_override = SubResource("StandardMaterial3D_8wmql")
mesh = SubResource("BoxMesh_irhdi")

[node name="Tuner2" type="MeshInstance3D" parent="."]
transform = Transform3D(1, 0, 0, 0, 0.4, 0, 0, 0, 0.4, 59.5, 2.6, 7.3)
material_override = SubResource("StandardMaterial3D_8wmql")
mesh = SubResource("BoxMesh_irhdi")

[node name="CharacterBody3D" parent="." instance=ExtResource("2_t4i36")]
transform = Transform3D(1, 0, 0, 0, 1, 0, 0, 0, 1, 59, -7.45, 4)

[node name="Generator" type="MeshInstance3D" parent="."]
transform = Transform3D(1, 0, 0, 0, 1, 0, 0, 0, 1, 14.8, -13, -3)
mesh = SubResource("BoxMesh_5urmd")

[node name="Generator2" type="MeshInstance3D" parent="."]
transform = Transform3D(2.6, 0, 1.06581e-14, 0, 1, 0, -2.84217e-14, 0, 1, 18.28, -13.1, -2.2)
mesh = SubResource("BoxMesh_xepac")
skeleton = NodePath("../BuildingOne/Bridge5")

[node name="MeshInstance3D2" type="MeshInstance3D" parent="Generator2"]
transform = Transform3D(-1.68121e-08, -0.384615, 0, 1, -4.37114e-08, 0, 0, 0, 1, 0.5, 0.0999999, -0.0500002)
mesh = SubResource("CylinderMesh_5nvkb")
skeleton = NodePath("../../BuildingOne/Bridge5")

[node name="MeshInstance3D3" type="MeshInstance3D" parent="Generator2"]
transform = Transform3D(-1.68121e-08, 0.384615, 0, -1, -4.37114e-08, 0, 0, 0, 1, 0.538462, 0.0999999, -0.0500002)
mesh = SubResource("CylinderMesh_uu8ij")
skeleton = NodePath("../../BuildingOne/Bridge5")

[node name="Generator3" type="MeshInstance3D" parent="."]
transform = Transform3D(-2.6, 0, 8.74228e-08, 0, 1, 0, -2.27299e-07, 0, -1, 42.72, -8.1, -2.2)
mesh = SubResource("BoxMesh_xepac")
skeleton = NodePath("../BuildingOne/Bridge5")

[node name="MeshInstance3D2" type="MeshInstance3D" parent="Generator3"]
transform = Transform3D(-1.68121e-08, -0.384615, 0, 1, -4.37114e-08, 0, 0, 0, 1, 0.5, 0.0999999, -0.0500002)
mesh = SubResource("CylinderMesh_5nvkb")
skeleton = NodePath("../../BuildingOne/Bridge5")

[node name="MeshInstance3D3" type="MeshInstance3D" parent="Generator3"]
transform = Transform3D(-1.68121e-08, 0.384615, 0, -1, -4.37114e-08, 0, 0, 0, 1, 0.538462, 0.0999999, -0.0500002)
mesh = SubResource("CylinderMesh_uu8ij")
skeleton = NodePath("../../BuildingOne/Bridge5")

[node name="PoweredDoor" type="MeshInstance3D" parent="."]
transform = Transform3D(1, 0, 0, 0, 1, 0, 0, 0, 1, 43, -7, 4)
mesh = SubResource("BoxMesh_i1hqn")

[node name="PoweredDoor2" type="MeshInstance3D" parent="."]
transform = Transform3D(1, 0, 0, 0, 1, 0, 0, 0, 1, 18, -13, 4)
mesh = SubResource("BoxMesh_i1hqn")

[node name="OneWayDoor" type="CSGBox3D" parent="."]
transform = Transform3D(-2.78181e-08, 0, -0.2, 0, 1, 0, 1, 0, -5.56362e-09, 9.0787, -13.35, -3.29289)
material_override = SubResource("StandardMaterial3D_piv46")
size = Vector3(1.5, 2.3, 1)

[node name="Path3D" parent="." instance=ExtResource("3_4hb7i")]
transform = Transform3D(1, 0, 0, 0, 1, 0, 0, 0, 1, 20.2, -14, -2)
curve = SubResource("Curve3D_bvt0n")
