[gd_scene load_steps=6 format=3 uid="uid://cg86rdki2g0gj"]

[ext_resource type="Texture2D" uid="uid://dt48n212okjo6" path="res://Materials/prototype-texture-with-size.png" id="1_y7gf2"]

[sub_resource type="StandardMaterial3D" id="StandardMaterial3D_vq472"]
albedo_texture = ExtResource("1_y7gf2")
uv1_triplanar = true

[sub_resource type="StandardMaterial3D" id="StandardMaterial3D_8wmql"]
albedo_color = Color(1, 1, 0.372549, 1)

[sub_resource type="StandardMaterial3D" id="StandardMaterial3D_6a5qv"]
albedo_color = Color(0.00784314, 1, 0.768627, 1)

[sub_resource type="BoxMesh" id="BoxMesh_irhdi"]
material = SubResource("StandardMaterial3D_6a5qv")
size = Vector3(1, 3, 3)

[node name="TowerFour" type="Node3D"]

[node name="DirectionalLight3D" type="DirectionalLight3D" parent="."]
transform = Transform3D(-0.337015, -0.901765, 0.270631, 0.808014, -0.129486, 0.574758, -0.483253, 0.412376, 0.772277, 0, 0, 0)
shadow_enabled = true

[node name="BuildingOne" type="CSGCombiner3D" parent="."]
material_override = SubResource("StandardMaterial3D_vq472")
use_collision = true

[node name="T1BoundingBox" type="CSGBox3D" parent="BuildingOne"]
transform = Transform3D(1, 0, 0, 0, 1, 0, 0, 0, 1, 0, -19.5, 0)
size = Vector3(30, 40, 20)

[node name="Hallway" type="CSGBox3D" parent="BuildingOne"]
transform = Transform3D(1, 0, 0, 0, 1, 0, 0, 0, 1, 0, -1, 4)
operation = 2
size = Vector3(28, 3, 4)

[node name="Hallway2" type="CSGBox3D" parent="BuildingOne"]
transform = Transform3D(1, 0, 0, 0, 1, 0, 0, 0, 1, 0, -1, -3)
operation = 2
size = Vector3(4, 3, 10)

[node name="Hallway3" type="CSGBox3D" parent="BuildingOne"]
transform = Transform3D(0.707107, 0, -0.707107, 0, 1, 0, 0.707107, 0, 0.707107, -2.12132, -1, 1.70711)
operation = 2
size = Vector3(2, 3, 4)

[node name="Hallway4" type="CSGBox3D" parent="BuildingOne"]
transform = Transform3D(0.707107, 0, 0.707107, 0, 1, 0, -0.707107, 0, 0.707107, 2.07868, -1, 1.70711)
operation = 2
size = Vector3(2, 3, 4)

[node name="Room" type="CSGBox3D" parent="BuildingOne"]
transform = Transform3D(-5.96046e-08, 0, 1, 0, 1, 0, -1, 0, -5.96046e-08, 11.9787, -1, -3.99289)
operation = 2
size = Vector3(11.4, 3, 5)

[node name="Room2" type="CSGBox3D" parent="BuildingOne"]
transform = Transform3D(1, 0, 1.58933e-08, 0, 1, 0, -1.58933e-08, 0, 1, 6.97868, -1, -1.84289)
operation = 2
size = Vector3(5, 3, 7.1)

[node name="Room3" type="CSGBox3D" parent="BuildingOne"]
transform = Transform3D(1, 0, 1.58933e-08, 0, 1, 0, -1.58933e-08, 0, 1, -10.0213, -4, -2.04289)
operation = 2
size = Vector3(8, 9, 7.1)

[node name="Door5" type="CSGBox3D" parent="BuildingOne"]
transform = Transform3D(1, 0, 1.58933e-08, 0, 1, 0, -1.58933e-08, 0, 1, -12.0213, -1.25, 1.95711)
operation = 2
size = Vector3(3, 2.5, 1)

[node name="Staircase" type="CSGBox3D" parent="BuildingOne"]
transform = Transform3D(1, 0, 1.58933e-08, 0, 1, 0, -1.58933e-08, 0, 1, -12.271, -2.75, 0.5)
size = Vector3(3.5, 0.5, 2)

[node name="Staircase2" type="CSGBox3D" parent="BuildingOne"]
transform = Transform3D(1, 0, 1.58933e-08, -7.94663e-09, 0.866025, 0.5, -1.3764e-08, -0.5, 0.866025, -12.271, -3.225, -1.2567)
size = Vector3(3.5, 0.5, 2.1)

[node name="Staircase3" type="CSGBox3D" parent="BuildingOne"]
transform = Transform3D(1, 0, 1.58933e-08, 0, 1, 0, -1.58933e-08, 0, 1, -12.321, -3.75, -3.55)
size = Vector3(3.6, 0.5, 4.1)

[node name="Staircase4" type="CSGBox3D" parent="BuildingOne"]
transform = Transform3D(1, 0, 1.58933e-08, 0, 1, 0, -1.58933e-08, 0, 1, -8.721, -3.75, -4.15)
size = Vector3(3.6, 0.5, 3)

[node name="Door" type="CSGBox3D" parent="BuildingOne"]
transform = Transform3D(1, 0, 1.58933e-08, 0, 1, 0, -1.58933e-08, 0, 1, 11.9787, -1.35, 2.00711)
operation = 2
size = Vector3(1.5, 2.3, 1)

[node name="Door2" type="CSGBox3D" parent="BuildingOne"]
transform = Transform3D(-5.96046e-08, 0, 1, 0, 1, 0, -1, 0, -5.96046e-08, 14.9787, -0.75, 0.00710678)
operation = 2
size = Vector3(2, 1.5, 1)

[node name="Door3" type="CSGBox3D" parent="BuildingOne"]
transform = Transform3D(-5.96046e-08, 0, 1, 0, 1, 0, -1, 0, -5.96046e-08, 14.9787, -0.75, -2.49289)
operation = 2
size = Vector3(2, 1.5, 1)

[node name="Door4" type="CSGBox3D" parent="BuildingOne"]
transform = Transform3D(-5.96046e-08, 0, 1, 0, 1, 0, -1, 0, -5.96046e-08, 14.9787, -0.75, -4.99289)
operation = 2
size = Vector3(2, 1.5, 1)

[node name="BuildingTwo" type="CSGCombiner3D" parent="."]
transform = Transform3D(1, 0, 0, 0, 1, 0, 0, 0, 1, 20, 5, 37)
material_override = SubResource("StandardMaterial3D_vq472")
use_collision = true

[node name="T1BoundingBox" type="CSGBox3D" parent="BuildingTwo"]
transform = Transform3D(1, 0, 0, 0, 1, 0, 0, 0, 1, 0, -30.5, 0)
size = Vector3(30, 18, 20)

[node name="CSGBox3D" type="CSGBox3D" parent="BuildingTwo/T1BoundingBox"]
transform = Transform3D(1, 0, 0, 0, 1, 0, 0, 0, 1, -10.5, 13.3, 4.5)
size = Vector3(7, 0.5, 10)

[node name="CSGBox3D2" type="CSGBox3D" parent="BuildingTwo/T1BoundingBox"]
transform = Transform3D(1, 0, 0, 0, 1, 0, 0, 0, 1, -10.5, 17.3, 4.5)
size = Vector3(7, 0.5, 10)

[node name="CSGBox3D4" type="CSGBox3D" parent="BuildingTwo/T1BoundingBox"]
transform = Transform3D(0.866025, 0, 0.5, 0, 1, 0, -0.5, 0, 0.866025, -7.79904, 17.3, 2.25)
operation = 2
size = Vector3(6, 0.5, 10)

[node name="CSGBox3D3" type="CSGBox3D" parent="BuildingTwo/T1BoundingBox"]
transform = Transform3D(-4.37114e-08, 0, -1, 0, 1, 0, 1, 0, -4.37114e-08, -2.25, 13.3, 7.5)
size = Vector3(3, 0.5, 9.5)

[node name="CSGBox3D5" type="CSGBox3D" parent="BuildingTwo/T1BoundingBox"]
transform = Transform3D(0.5, 0, 0.866025, 0, 1, 0, -0.866025, 0, 0.5, -7.79904, 13.3, 1.25)
operation = 2
size = Vector3(4, 0.5, 14)

[node name="CSGBox3D6" type="CSGBox3D" parent="BuildingTwo/T1BoundingBox"]
transform = Transform3D(0.707107, 0, 0.707107, 0, 1, 0, -0.707107, 0, 0.707107, 1.53109, 13.3, 5.75)
operation = 2
size = Vector3(4, 0.5, 4)

[node name="Wall" type="CSGBox3D" parent="BuildingTwo"]
transform = Transform3D(1, 0, 0, 0, 1, 0, 0, 0, 1, -14.5, -15, -0.5)
size = Vector3(1, 13, 19)

[node name="Wall3" type="CSGBox3D" parent="BuildingTwo"]
transform = Transform3D(1, 0, 0, 0, 1, 0, 0, 0, 1, 14.5, -15, -0.5)
size = Vector3(1, 13, 19)

[node name="Wall2" type="CSGBox3D" parent="BuildingTwo"]
transform = Transform3D(-4.37114e-08, 0, 1, 0, 1, 0, -1, 0, -4.37114e-08, 0, -15, 9.5)
size = Vector3(1, 13, 30)

[node name="Cutout" type="CSGBox3D" parent="BuildingTwo"]
transform = Transform3D(1, 0, 0, 0, 0.866025, 0.5, 0, -0.5, 0.866025, 14, -13.866, -8.73205)
operation = 2
size = Vector3(4, 11, 11)

[node name="Cutout2" type="CSGBox3D" parent="BuildingTwo"]
transform = Transform3D(1, 0, 0, 0, 1, 0, 0, 0, 1, 14, -11.8651, -3.65)
operation = 2
size = Vector3(4, 8, 6)

[node name="Cutout3" type="CSGBox3D" parent="BuildingTwo"]
transform = Transform3D(1, 0, 0, 0, 0.258819, -0.965926, 0, 0.965926, 0.258819, 14, -8.97157, 3.74312)
operation = 2
size = Vector3(4, 16, 8)

[node name="Cutout4" type="CSGBox3D" parent="BuildingTwo"]
transform = Transform3D(1, 0, 0, 0, -0.258819, -0.965926, 0, 0.965926, -0.258819, -14, -8.91151, 2.80356)
operation = 2
size = Vector3(4, 9, 6)

[node name="Cutout5" type="CSGBox3D" parent="BuildingTwo"]
transform = Transform3D(1, 0, 0, 0, 0.5, -0.866025, 0, 0.866025, 0.5, -14, -9.2285, -5.74548)
operation = 2
size = Vector3(4, 12, 7)

[node name="Cutout6" type="CSGBox3D" parent="BuildingTwo"]
transform = Transform3D(-3.9616e-08, -0.984808, -0.173648, 1.84732e-08, 0.173648, -0.984808, 1, -4.2222e-08, 1.13133e-08, 8.55111, -8.79974, 9.80356)
operation = 2
size = Vector3(4, 10, 3)

[node name="Cutout7" type="CSGBox3D" parent="BuildingTwo"]
transform = Transform3D(-0.0359727, -0.97592, -0.215141, 0.0826121, 0.211639, -0.97385, 0.995932, -0.0528053, 0.0730096, -2.19749, -6.60662, 9.44427)
operation = 2
size = Vector3(4, 16, 6)

[node name="BuildingThree" type="CSGCombiner3D" parent="."]
transform = Transform3D(1, 0, 0, 0, 1, 0, 0, 0, 1, 57, 0, 0)
material_override = SubResource("StandardMaterial3D_vq472")
use_collision = true

[node name="T1BoundingBox" type="CSGBox3D" parent="BuildingThree"]
transform = Transform3D(1, 0, 0, 0, 1, 0, 0, 0, 1, 0, -19.5, 0)
size = Vector3(30, 40, 20)

[node name="Tuner" type="MeshInstance3D" parent="."]
transform = Transform3D(1, 0, 0, 0, 0.4, 0, 0, 0, 0.4, 27, -16, 30)
material_override = SubResource("StandardMaterial3D_8wmql")
mesh = SubResource("BoxMesh_irhdi")

[node name="TeleporterExit" type="MeshInstance3D" parent="."]
transform = Transform3D(1, 0, 0, 0, 1, 0, 0, 0, 1, 68, 2, -6)
mesh = SubResource("BoxMesh_irhdi")

[node name="TeleporterEnter" type="MeshInstance3D" parent="."]
transform = Transform3D(0.707107, 0, 0.707107, 0, 1, 0, -0.707107, 0, 0.707107, -26, 2, 7)
mesh = SubResource("BoxMesh_irhdi")
